-1	-1	-1	-1	-1	-1	-1	-1	-1	-1	-1	-1	-1	-1	-1	-1	-1	FG-487	-1	-1
-1	-1	-1	FG-278	FG-279	-1	-1	FG-278	FG-279	FG-253	-1	FG-278	FG-279	-1	-1	-1	-1	FG-487	-1	-1
-1	-1	-1	FG-300	FG-301	-1	-1	FG-276	FG-277	-1	-1	FG-300	FG-301	-1	-1	-1	-1	FG-487	-1	-1
-1	FG-278	FG-279	FG-276	FG-277	-1	-1	FG-298	FG-299	-1	-1	FG-276	FG-277	-1	-1	-1	-1	FG-487	-1	-1
-1	FG-276	FG-277	FG-298	FG-299	-1	FG-162	-1	-1	-1	-1	FG-298	FG-299	-1	-1	-1	-1	FG-487	-1	-1
-1	FG-298	FG-299	FG-278	FG-279	-1	-1	-1	FG-278	FG-279	-1	-1	-1	-1	-1	-1	-1	FG-487	-1	-1
-1	-1	-1	FG-276	FG-277	-1	FG-278	FG-279	FG-276	FG-277	-1	-1	-1	-1	-1	-1	-1	FG-487	-1	-1
-1	-1	-1	FG-298	FG-299	-1	FG-276	FG-277	FG-298	FG-299	-1	FG-162	-1	-1	-1	-1	-1	FG-487	-1	-1
-1	-1	-1	-1	-1	-1	FG-298	FG-299	-1	-1	-1	-1	-1	FG-487	FG-487	FG-487	FG-487	FG-487	-1	-1
-1	-1	-1	-1	-1	-1	-1	-1	-1	-1	-1	-1	-1	FG-487	-1	-1	-1	-1	-1	-1
-1	-1	-1	FG-162	-1	-1	-1	-1	-1	-1	-1	-1	-1	FG-487	-1	FG-26	-1	-1	-1	-1
-1	-1	-1	-1	-1	-1	-1	-1	-1	FG-253	-1	-1	-1	FG-487	-1	FG-27	FG-73	FG-73	FG-74	-1
-1	-1	-1	-1	-1	-1	-1	-1	-1	-1	-1	-1	FG-31	FG-31	FG-31	FG-72	FG-73	FG-73	FG-27	-1
-1	-1	-1	-1	-1	-1	-1	-1	-1	-1	-1	FG-100	-1	FG-487	-1	FG-95	FG-96	FG-28	FG-97	-1
-1	-1	-1	-1	-1	-1	-1	-1	-1	-1	-1	-1	-1	FG-487	-1	-1	-1	-1	-1	-1
